50 287
0 2
0 9
0 11
0 15
0 23
0 25
0 28
0 34
0 35
0 36
0 39
1 3
1 7
1 15
1 17
1 18
1 19
1 22
1 24
1 27
1 28
1 31
1 39
1 42
1 45
1 46
1 48
2 12
2 19
2 20
2 23
2 24
2 30
2 37
2 43
2 45
3 7
3 11
3 12
3 13
3 17
3 25
3 26
3 27
3 32
3 37
3 44
4 10
4 13
4 16
4 17
4 22
4 35
4 41
4 45
5 6
5 13
5 17
5 18
5 19
5 20
5 21
5 24
5 26
5 27
5 30
5 33
5 42
5 44
5 49
6 10
6 13
6 14
6 17
6 18
6 19
6 21
6 29
6 33
6 37
6 42
6 44
6 48
6 49
7 11
7 12
7 25
7 34
7 38
7 39
7 44
7 49
8 9
8 10
8 20
8 28
8 33
8 36
8 37
8 40
8 49
9 16
9 25
9 26
9 28
9 35
9 44
9 48
9 49
10 11
10 12
10 16
10 30
10 42
10 45
10 48
10 49
11 15
11 16
11 18
11 23
11 27
11 29
11 32
11 33
11 36
11 41
12 20
12 25
12 28
12 30
12 33
12 34
12 37
12 39
12 41
12 44
12 47
12 49
13 15
13 18
13 21
13 22
13 27
13 34
13 48
13 49
14 17
14 21
14 26
14 29
14 30
14 34
14 35
14 37
14 39
14 42
14 46
14 48
15 18
15 29
15 38
15 40
15 43
15 44
15 46
15 49
16 20
16 21
16 23
16 25
16 41
16 43
16 48
17 20
17 21
17 23
17 26
17 28
17 29
17 33
17 34
17 36
17 38
17 47
18 20
18 21
18 25
18 27
18 33
18 37
18 38
18 42
19 32
19 33
19 41
19 49
20 28
20 30
20 32
20 33
20 36
20 37
21 27
21 29
21 30
21 48
22 25
22 28
22 30
22 37
22 42
22 47
23 24
23 41
23 43
23 45
23 46
24 25
24 29
24 38
24 49
25 26
25 33
25 43
25 45
25 47
26 29
26 32
26 36
26 43
26 45
26 46
26 47
27 29
27 42
27 46
27 47
28 29
28 30
28 38
28 42
28 44
29 32
29 33
29 36
29 39
29 40
29 43
30 36
30 39
30 42
30 44
30 47
30 48
32 41
33 37
33 45
34 35
34 39
34 41
34 47
34 49
35 43
35 44
35 49
36 39
36 40
36 43
36 46
36 48
37 39
37 42
37 43
37 46
38 45
38 46
38 47
39 42
39 45
40 42
40 45
42 44
42 49
44 46
44 49
46 49
