50 271
0 2
0 5
0 8
0 9
0 13
0 18
0 22
0 49
1 2
1 12
1 20
1 24
1 26
1 27
1 32
1 34
1 36
1 40
1 48
1 49
2 6
2 10
2 14
2 16
2 17
2 18
2 35
2 36
2 46
3 6
3 10
3 14
3 31
3 34
3 40
3 41
3 42
3 45
3 49
4 5
4 6
4 8
4 16
4 22
4 30
4 31
4 37
4 40
5 6
5 12
5 14
5 32
5 41
6 7
6 8
6 9
6 13
6 14
6 21
6 22
6 24
6 39
6 40
7 10
7 11
7 16
7 19
7 20
7 23
7 29
7 35
7 38
7 42
7 48
8 9
8 12
8 20
8 23
8 30
8 32
8 34
8 37
8 41
8 43
8 46
9 10
9 22
9 24
9 32
9 34
9 36
9 48
10 13
10 16
10 17
10 23
10 29
10 40
10 44
11 18
11 19
11 26
11 29
11 30
11 36
11 39
11 41
11 45
11 46
11 48
12 15
12 16
12 20
12 30
12 31
12 36
12 38
12 44
13 37
13 42
13 45
14 15
14 17
14 22
14 25
14 32
14 34
14 43
14 47
14 48
15 20
15 22
15 28
15 29
15 34
15 36
15 41
15 42
15 44
16 17
16 22
16 32
16 34
16 41
16 42
16 44
16 45
16 46
16 47
17 18
17 22
17 24
17 25
17 30
17 31
17 34
17 40
17 42
17 47
17 49
18 21
18 33
18 36
18 44
19 20
19 24
19 28
19 29
19 30
19 35
19 38
19 45
19 46
19 47
20 30
20 37
20 44
21 23
21 32
21 33
21 36
21 41
22 24
22 25
22 31
22 35
22 42
22 49
23 24
23 26
23 29
23 31
23 42
24 25
24 31
24 33
24 37
24 43
24 45
25 31
25 34
25 35
25 40
25 45
25 46
25 48
25 49
26 27
26 28
26 39
26 40
26 46
26 48
26 49
27 29
27 33
27 39
27 43
27 49
28 35
28 36
28 38
28 48
28 49
29 36
29 43
29 47
29 48
30 31
30 37
30 40
30 42
30 46
30 47
31 33
31 34
31 37
31 40
31 43
31 47
32 40
32 46
32 49
33 37
33 39
33 40
33 46
33 49
34 41
34 46
35 36
35 43
35 45
35 47
35 48
36 39
36 40
36 43
36 46
36 47
37 41
37 42
39 42
39 43
40 43
40 46
40 47
40 48
41 43
44 46
46 48
