50 270
0 10
0 11
0 13
0 15
0 21
0 23
0 33
0 47
0 49
1 5
1 10
1 16
1 20
1 24
1 25
1 30
1 31
1 33
1 34
1 36
1 37
1 38
1 40
1 43
1 46
2 5
2 11
2 14
2 15
2 16
2 23
2 27
2 35
2 44
3 5
3 9
3 15
3 16
3 21
3 42
3 44
3 45
3 46
3 48
4 6
4 8
4 9
4 19
4 20
4 21
4 23
4 26
4 27
4 32
4 33
4 36
4 37
4 46
4 48
5 14
5 22
5 23
5 26
5 27
5 28
5 32
5 34
5 39
5 42
6 7
6 11
6 15
6 23
6 28
6 43
6 46
7 9
7 10
7 22
7 29
7 31
7 33
7 34
7 35
7 45
8 22
8 26
8 29
8 32
8 36
8 40
8 45
8 47
8 49
9 11
9 15
9 16
9 20
9 23
9 24
9 25
9 26
9 29
9 35
9 37
9 45
9 49
10 12
10 15
10 19
10 26
10 30
10 32
10 35
10 36
10 44
10 47
11 12
11 13
11 19
11 22
11 25
11 28
11 31
11 38
11 41
12 14
12 21
12 22
12 29
12 38
12 47
13 22
13 29
13 34
13 36
13 41
13 42
13 43
13 46
13 47
13 48
14 16
14 22
14 26
14 27
14 32
14 37
14 45
14 48
15 24
15 45
16 17
16 23
16 34
16 45
16 46
16 47
17 21
17 24
17 28
17 31
17 48
18 20
18 23
18 24
18 28
18 29
18 35
18 44
19 22
19 26
19 34
19 42
19 45
19 47
20 22
20 27
20 28
20 34
20 37
20 41
20 42
20 47
20 48
21 29
21 37
21 38
21 40
21 43
21 45
21 48
22 23
22 26
22 28
22 35
22 36
22 42
23 26
23 36
23 45
24 36
25 28
25 30
25 33
25 36
25 39
26 30
26 40
26 42
26 47
26 49
27 28
27 33
27 44
27 46
28 49
29 33
29 39
29 43
29 46
29 47
29 48
30 35
30 36
30 43
30 47
30 48
30 49
31 36
31 39
31 43
31 49
32 35
32 38
32 45
32 47
33 39
34 39
34 47
34 49
35 45
35 49
36 38
36 39
36 44
36 48
36 49
37 43
37 48
38 41
38 44
38 45
38 47
39 42
39 43
39 44
39 49
40 42
40 45
41 49
42 43
42 46
43 45
44 46
44 47
45 47
45 48
46 48
48 49
